(* Content-type: application/mathematica *)

(*** Wolfram Notebook File ***)
(* http://www.wolfram.com/nb *)

(* CreatedBy='%s' *)
(*CacheID: 234*)
(* Internal cache information:
NotebookFileLineBreakTest
NotebookFileLineBreakTest
NotebookDataPosition[       131,          6]
NotebookDataLength[     12318,        462]
NotebookOptionsPosition[      9479,        352]
NotebookOutlinePosition[      9917,        374]
CellTagsIndexPosition[      9874,        371]
WindowFrame->Normal*)

(* Beginning of Notebook Content *)
Notebook[{


Cell[CellGroupData[{Cell["Gauss Elimination", "Section"],

Cell["\<\
m := {{3, 0, 6, 0},
{2, 2, 0, 1},
{1, 0, 1, 0},
{0, 1, 0, 1}
};\
\>", "Input"],

Cell[CellGroupData[{Cell["inv = Inverse[m] // MatrixForm", "Input"],

Cell[OutputFormData["\<\
MatrixForm[{{-1/3, 0, 2, 0}, {2/3, 1, -4, -1}, {1/3, 0, -1, 0}, 
 
   {-2/3, -1, 4, 2}}]\
\>", "\<\
  1
-(-)
  3    0      2      0

2
-
3      1      -4     -1

1
-
3      0      -1     0

  2
-(-)
  3    -1     4      2\
\>"], "Output"]}, Open]]}, Open]],

Cell[CellGroupData[{Cell["Eigen Test", "Section"],

Cell[CellGroupData[{Cell["Basic results", "Subsection"],

Cell["\<\
m := {{1.0000000000000, 0.0000000000000, 1.0000000000000, 2.0000000000000},
{0.0000000000000, 1.0000000000000, 3.0000000000000, 5.0000000000000},
{1.0000000000000, 3.0000000000000, 4.0000000000000, 1.0000000000000},
{2.0000000000000, 5.0000000000000, 1.0000000000000, 2.0000000000000}
};\
\>", "Input"],

Cell[CellGroupData[{Cell["{ vals, vecs } = Eigensystem[m]", "Input"],

Cell[OutputFormData["\<\
{{8.73002881618627, -4.27390266035811, 2.559601827562406, 0.984272016609429}, \

 
  {{-0.2179400414659948, -0.5794628865269478, -0.5351156178627151, 
 
    -0.5747835914351269}, {-0.2743915417801658, -0.7063436594932331, 
 
    0.2148039989859935, 0.6161551415940928}, 
 
   {-0.1665784423561125, -0.1559137719876325, 0.812653408187339, 
 
    -0.5362247256592158}, {-0.92166319372508, 0.375489405358066, 
 
    -0.0842908992746615, 0.04939340133863546}}}\
\>", "\<\
{{8.73003, -4.2739, 2.5596, 0.984272}, 
 
  {{-0.21794, -0.579463, -0.535116, -0.574784}, 
 
   {-0.274392, -0.706344, 0.214804, 0.616155}, 
 
   {-0.166578, -0.155914, 0.812653, -0.536225}, 
 
   {-0.921663, 0.375489, -0.0842909, 0.0493934}}}\
\>"], "Output"]}, Open]],

Cell[CellGroupData[{Cell["vals", "Input"],

Cell[OutputFormData["\<\
{8.73002881618627, -4.27390266035811, 2.559601827562406, 0.984272016609429}\
\>", "\<\
{8.73003, -4.2739, 2.5596, 0.984272}\
\>"], "Output"]}, Open]],

Cell[CellGroupData[{Cell["vecs // MatrixForm", "Input"],

Cell[OutputFormData["\<\
MatrixForm[{{-0.2179400414659948, -0.5794628865269478, -0.5351156178627151, 
 
    -0.5747835914351269}, {-0.2743915417801658, -0.7063436594932331, 
 
    0.2148039989859935, 0.6161551415940928}, 
 
   {-0.1665784423561125, -0.1559137719876325, 0.812653408187339, 
 
    -0.5362247256592158}, {-0.92166319372508, 0.375489405358066, 
 
    -0.0842908992746615, 0.04939340133863546}}]\
\>", "\<\
-0.21794     -0.579463    -0.535116    -0.574784

-0.274392    -0.706344    0.214804     0.616155

-0.166578    -0.155914    0.812653     -0.536225

-0.921663    0.375489     -0.0842909   0.0493934\
\>"], "Output"]}, Open]],

Cell[CellGroupData[{Cell["vecs . Transpose[vecs] // Chop // MatrixForm", "Input"],

Cell[OutputFormData["\<\
MatrixForm[{{1., 0, 0, 0}, {0, 1., 0, 0}, {0, 0, 1., 0}, {0, 0, 0, 1.}}]\
\>", "\<\
1.   0    0    0

0    1.   0    0

0    0    1.   0

0    0    0    1.\
\>"], "Output"]}, Open]],

Cell[CellGroupData[{Cell["\<\
Transpose[vecs] . DiagonalMatrix[vals] - m . Transpose[vecs] // Chop // \
MatrixForm\
\>", "Input"],

Cell[OutputFormData["\<\
MatrixForm[{{0, 0, 0, 0}, {0, 0, 0, 0}, {0, 0, 0, 0}, {0, 0, 0, 0}}]\
\>", "\<\
0   0   0   0

0   0   0   0

0   0   0   0

0   0   0   0\
\>"], "Output"]}, Open]]}, Open]],

Cell[CellGroupData[{Cell["Check QR", "Subsection"],

Cell["from test program", "Text"],

Cell["\<\
q := {{ 0.9277731229705, -0.0768355318856, -0.3651483716701,  0.0000000000000},
{-0.3730221834624, -0.1658948983894, -0.9128709291753,  0.0000000000000},
{ 0.0095646713708,  0.9831455557181, -0.1825741858351,  0.0000000000000},
{ 0.0000000000000,  0.0000000000000,  0.0000000000000,  1.0000000000000}
};\
\>", "Input"],

Cell["rr := Transpose[q] . m . q // Chop;", "Input"],

Cell["{qrvals, qrvecs} = Eigensystem[rr];", "Input"],

Cell[CellGroupData[{Cell["qrvals", "Input"],

Cell[OutputFormData["\<\
{8.73002881618669, -4.273902660358142, 2.55960182756238, 0.984272016609332}\
\>", "\<\
{8.73003, -4.2739, 2.5596, 0.984272}\
\>"], "Output"]}, Open]],

Cell[CellGroupData[{Cell["qrvecs", "Input"],

Cell[OutputFormData["\<\
{{-0.00883539324621482, 0.4132210658110534, -0.7062535731683863, 
 
   0.5747835914351147}, {0.01096328616434287, 0.3494454266307705, 
 
   0.7057765522107391, 0.6161551415940952}, 
 
  {0.0886149432380091, -0.83762102917903, -0.05478546252135996, 
 
   0.536224725659221}, {0.995966432174091, 0.07434551804834955, 
 
   -0.00915979436068346, -0.04939340133868715}}\
\>", "\<\
{{-0.00883539, 0.413221, -0.706254, 0.574784}, 
 
  {0.0109633, 0.349445, 0.705777, 0.616155}, 
 
  {0.0886149, -0.837621, -0.0547855, 0.536225}, 
 
  {0.995966, 0.0743455, -0.00915979, -0.0493934}}\
\>"], "Output"]}, Open]],

Cell[CellGroupData[{Cell["q . Transpose[rp[[2]]] // MatrixForm", "Input"],

Cell[OutputFormData["\<\
MatrixForm[{{0.217940041465986, -0.2743915417801427, 0.1665784423561836, 
 
    0.921663193725024}, {0.5794628865269682, -0.7063436594932555, 
 
    0.1559137719876136, -0.3754894053580822}, 
 
   {0.5351156178627502, 0.2148039989859838, -0.812653408187335, 
 
    0.0842908992747067}, {0.5747835914351147, 0.6161551415940952, 
 
    0.536224725659221, -0.04939340133868715}}]\
\>", "\<\
0.21794      -0.274392    0.166578     0.921663

0.579463     -0.706344    0.155914     -0.375489

0.535116     0.214804     -0.812653    0.0842909

0.574784     0.616155     0.536225     -0.0493934\
\>"], "Output"]}, Open]]}, Open]]}, Open]],

Cell[CellGroupData[{Cell["SVD", "Section"],

Cell["\<\
a := {{3, 0, 6, 0},
{2, 2, 0, 1},
{1, 0, 1, 0},
{0, 1, 0, 1}
};\
\>", "Input"],

Cell["\<\
u := {{-0.9671480336662, -0.1646260435264, 0.1141758481316, \
-0.1564826586936},
{-0.1604074331021, 0.9105299881145, -0.3229978075795, -0.2021806431105},
{-0.1969362137798, 0.0467661623858, -0.3442376034065, 0.9168039736818},
{-0.0105006706079, 0.3763593131473, 0.8741491659913, 0.3067680539444}
};\
\>", "Input"],

Cell["\<\
w := {6.9157623058241, 3.0426848508839, 0.9441933389578, 0.1509952522795};\
\>", "Input"],

Cell["\<\
v := {{-0.4944061160262, 0.4515577772165, -0.6859883960689, 0.2847421407694},
{-0.0479073053932, 0.7221974660760, 0.2416385939389, -0.6463331184479},
{-0.8675579278837, -0.3092630833914, 0.3609615439138, -0.1463090934725},
{-0.0247128365829, 0.4229453145264, 0.5837272258456, 0.6926536381445}
};\
\>", "Input"],

Cell[CellGroupData[{Cell["u . DiagonalMatrix[w] . Transpose[v] // Chop // MatrixForm", "Input"],

Cell[OutputFormData["\<\
MatrixForm[{{3.000000000000098, 0, 5.99999999999962, 0}, 
 
   {1.999999999999728, 1.999999999999743, 0, 0.999999999999937}, 
 
   {1.00000000000018, 0, 1.000000000000044, 0}, 
 
   {0, 0.999999999999897, 0, 0.999999999999979}}]\
\>", "\<\
3.   0    6.   0

2.   2.   0    1.

1.   0    1.   0

0    1.   0    1.\
\>"], "Output"]}, Open]],

Cell["{uu, ww, vv} = SingularValues[a//N];", "Input"],

Cell[CellGroupData[{Cell["uu", "Input"],

Cell[OutputFormData["\<\
{{-0.96714803366623, -0.1604074331021327, -0.1969362137797754, 
 
   -0.01050067060792282}, {0.1646260435264031, -0.910529988114518, 
 
   -0.04676616238576478, -0.376359313147326}, 
 
  {0.1141758481316273, -0.3229978075795286, -0.3442376034064663, 
 
   0.874149165991259}, {-0.1564826586935786, -0.2021806431105077, 
 
   0.916803973681816, 0.3067680539444144}}\
\>", "\<\
{{-0.967148, -0.160407, -0.196936, -0.0105007}, 
 
  {0.164626, -0.91053, -0.0467662, -0.376359}, 
 
  {0.114176, -0.322998, -0.344238, 0.874149}, 
 
  {-0.156483, -0.202181, 0.916804, 0.306768}}\
\>"], "Output"]}, Open]],

Cell[CellGroupData[{Cell["Abs[Transpose[uu]] - Abs[u] // Chop", "Input"],

Cell[OutputFormData["\<\
{{0, 0, 0, 0}, {0, 0, 0, 0}, {0, 0, 0, 0}, {0, 0, 0, 0}}\
\>", "\<\
{{0, 0, 0, 0}, {0, 0, 0, 0}, {0, 0, 0, 0}, {0, 0, 0, 0}}\
\>"], "Output"]}, Open]],

Cell[CellGroupData[{Cell["Abs[Transpose[vv]] - Abs[v] // Chop", "Input"],

Cell[OutputFormData["\<\
{{0, 0, 0, 0}, {0, 0, 0, 0}, {0, 0, 0, 0}, {0, 0, 0, 0}}\
\>", "\<\
{{0, 0, 0, 0}, {0, 0, 0, 0}, {0, 0, 0, 0}, {0, 0, 0, 0}}\
\>"], "Output"]}, Open]],

Cell[CellGroupData[{Cell["Eigensystem[a][[1]] // N", "Input"],

Cell[OutputFormData["\<\
{0.3819660112501051, 2.618033988749895, -0.6457513110645908, \
4.645751311064591}\
\>", "\<\
{0.381966, 2.61803, -0.645751, 4.64575}\
\>"], "Output"]}, Open]],

Cell[CellGroupData[{Cell["u . Transpose[u] // Chop", "Input"],

Cell[OutputFormData["\<\
{{0.999999999999941, 0, 0, 0}, {0, 0.999999999999935, 0, 0}, 
 
  {0, 0, 1.000000000000007, 0}, {0, 0, 0, 1.000000000000043}}\
\>", "\<\
{{1., 0, 0, 0}, {0, 1., 0, 0}, {0, 0, 1., 0}, {0, 0, 0, 1.}}\
\>"], "Output"]}, Open]],

Cell[CellGroupData[{Cell["v . Transpose[v] // Chop", "Input"],

Cell[OutputFormData["\<\
{{0.999999999999942, 0, 0, 0}, {0, 0.999999999999988, 0, 0}, 
 
  {0, 0, 0.999999999999994, 0}, {0, 0, 0, 1.000000000000021}}\
\>", "\<\
{{1., 0, 0, 0}, {0, 1., 0, 0}, {0, 0, 1., 0}, {0, 0, 0, 1.}}\
\>"], "Output"]}, Open]]}, Open]]
},
WindowToolbars->{},
CellGrouping->Manual,
WindowSize->{808, 911},
WindowMargins->{{4, Automatic}, {Automatic, 4}},
ShowCellLabel->True,
ShowCellTags->False,
FrontEndVersion->"10.0 for Mac OS X x86 (32-bit, 64-bit Kernel) (June 27, \
2014)",
StyleDefinitions->"Default.nb"
]

(* End of Notebook Content *)

(* Internal cache information *)
(*CellTagsOutline
CellTagsIndex->{}
*)
(*CellTagsIndex
CellTagsIndex->{}
*)
(*NotebookFileOutline
Notebook[{
Cell[CellGroupData[{
Cell[553, 21, 36, 0, 70, "Section"],
Cell[592, 23, 88, 6, 70, "Input"],
Cell[CellGroupData[{
Cell[703, 31, 47, 0, 70, "Input"],
Cell[753, 33, 263, 20, 70, "Output"]
}, Open  ]]
}, Open  ]],
Cell[CellGroupData[{
Cell[1057, 55, 29, 0, 70, "Section"],
Cell[CellGroupData[{
Cell[1109, 57, 35, 0, 70, "Subsection"],
Cell[1147, 59, 312, 6, 70, "Input"],
Cell[CellGroupData[{
Cell[1482, 67, 48, 0, 70, "Input"],
Cell[1533, 69, 753, 25, 70, "Output"]
}, Open  ]],
Cell[CellGroupData[{
Cell[2318, 96, 21, 0, 70, "Input"],
Cell[2342, 98, 165, 4, 70, "Output"]
}, Open  ]],
Cell[CellGroupData[{
Cell[2539, 104, 35, 0, 70, "Input"],
Cell[2577, 106, 633, 20, 70, "Output"]
}, Open  ]],
Cell[CellGroupData[{
Cell[3242, 128, 61, 0, 70, "Input"],
Cell[3306, 130, 197, 10, 70, "Output"]
}, Open  ]],
Cell[CellGroupData[{
Cell[3535, 142, 109, 3, 70, "Input"],
Cell[3647, 147, 180, 10, 70, "Output"]
}, Open  ]]
}, Open  ]],
Cell[CellGroupData[{
Cell[3868, 159, 30, 0, 70, "Subsection"],
Cell[3901, 161, 33, 0, 70, "Text"],
Cell[3937, 163, 328, 6, 70, "Input"],
Cell[4268, 171, 52, 0, 70, "Input"],
Cell[4323, 173, 52, 0, 70, "Input"],
Cell[CellGroupData[{
Cell[4398, 175, 23, 0, 70, "Input"],
Cell[4424, 177, 165, 4, 70, "Output"]
}, Open  ]],
Cell[CellGroupData[{
Cell[4621, 183, 23, 0, 70, "Input"],
Cell[4647, 185, 617, 20, 70, "Output"]
}, Open  ]],
Cell[CellGroupData[{
Cell[5296, 207, 53, 0, 70, "Input"],
Cell[5352, 209, 628, 20, 70, "Output"]
}, Open  ]]
}, Open  ]]
}, Open  ]],
Cell[CellGroupData[{
Cell[6030, 231, 22, 0, 70, "Section"],
Cell[6055, 233, 88, 6, 70, "Input"],
Cell[6146, 241, 323, 7, 70, "Input"],
Cell[6472, 250, 99, 2, 70, "Input"],
Cell[6574, 254, 320, 6, 70, "Input"],
Cell[CellGroupData[{
Cell[6917, 262, 75, 0, 70, "Input"],
Cell[6995, 264, 354, 16, 70, "Output"]
}, Open  ]],
Cell[7361, 282, 53, 0, 70, "Input"],
Cell[CellGroupData[{
Cell[7437, 284, 19, 0, 70, "Input"],
Cell[7459, 286, 613, 20, 70, "Output"]
}, Open  ]],
Cell[CellGroupData[{
Cell[8104, 308, 52, 0, 70, "Input"],
Cell[8159, 310, 166, 4, 70, "Output"]
}, Open  ]],
Cell[CellGroupData[{
Cell[8357, 316, 52, 0, 70, "Input"],
Cell[8412, 318, 166, 4, 70, "Output"]
}, Open  ]],
Cell[CellGroupData[{
Cell[8610, 324, 41, 0, 70, "Input"],
Cell[8654, 326, 174, 5, 70, "Output"]
}, Open  ]],
Cell[CellGroupData[{
Cell[8860, 333, 41, 0, 70, "Input"],
Cell[8904, 335, 239, 6, 70, "Output"]
}, Open  ]],
Cell[CellGroupData[{
Cell[9175, 343, 41, 0, 70, "Input"],
Cell[9219, 345, 239, 6, 70, "Output"]
}, Open  ]]
}, Open  ]]
}
]
*)
